#PATH-POINTS-START Path
-118.058,20.376,600,0
-116.058,20.411,600
-114.058,20.433,600
-112.058,20.443,600
-110.058,20.444,600
-108.058,20.437,600
-106.058,20.424,600
-104.058,20.409,600
-102.058,20.392,600
-100.058,20.376,600
-98.058,20.363,600
-96.058,20.356,600
-94.058,20.358,600
-92.059,20.37,600
-90.059,20.397,600
-88.059,20.442,600
-86.06,20.508,600
-84.062,20.6,600
-82.066,20.722,600
-80.072,20.879,600
-78.082,21.079,600
-76.098,21.328,600
-74.122,21.633,600
-72.157,22.005,600
-70.208,22.456,600
-68.283,22.996,600
-66.39,23.641,600
-64.544,24.409,600
-62.761,25.314,600
-61.064,26.37,600
-59.479,27.588,600
-58.038,28.973,600
-56.766,30.515,600
-55.683,32.195,600
-54.798,33.987,600
-54.11,35.864,600
-53.602,37.798,600
-53.258,39.767,600
-53.056,41.757,600
-52.983,43.755,600
-53.018,45.754,600
-53.147,47.75,600
-53.357,49.739,600
-53.642,51.718,600
-53.988,53.688,600
-54.398,55.645,600,0
-55.039,57.539,600
-55.708,59.424,600
-56.408,61.298,600
-57.138,63.159,600
-57.902,65.008,600
-58.7,66.841,600
-59.535,68.659,600
-60.408,70.458,600
-61.319,72.239,600
-62.271,73.997,600
-63.265,75.733,600
-64.302,77.443,600
-65.382,79.126,600
-66.506,80.781,600
-67.674,82.404,600
-68.887,83.994,600
-70.144,85.55,600
-71.445,87.069,600
-72.788,88.55,600
-74.174,89.992,600
-75.601,91.393,600
-77.068,92.752,600
-78.573,94.069,600
-80.116,95.342,600
-81.694,96.571,600
-83.305,97.756,600
-84.946,98.898,600
-86.617,99.997,600
-88.317,101.051,600
-90.042,102.063,600
-91.79,103.034,600
-93.562,103.963,600
-95.353,104.851,600
-97.163,105.702,600
-98.992,106.512,600
-100.835,107.288,600
-102.694,108.025,600
-104.566,108.731,600
-106.451,109.399,600
-108.346,110.038,600
-110.252,110.643,600
-112.167,111.22,600
-114.091,111.767,600
-116.023,112.285,600
-117.961,112.777,600
-119.906,113.244,600
-121.857,113.683,600
-123.813,114.1,600
-125.774,114.494,600
-127.739,114.865,600
-129.708,115.213,600
-131.681,115.541,600
-133.657,115.85,600
-135.636,116.14,600
-137.618,116.411,600
-139.602,116.664,600
-141.588,116.899,600
-143.576,117.118,600
-145.566,117.32,600
-147.557,117.507,600
-149.549,117.679,600
-151.543,117.837,600
-153.538,117.98,600,0
-154.043,118.076,600
-152.043,118.105,600
-150.043,118.133,600
-148.043,118.162,600
-146.044,118.191,600
-144.044,118.219,600
-142.044,118.248,600
-140.044,118.277,600
-138.044,118.305,600
-136.045,118.334,600
-134.045,118.363,600
-132.045,118.392,600
-130.045,118.42,600
-128.045,118.449,600
-126.046,118.478,600
-124.046,118.506,600
-122.046,118.535,600
-120.046,118.564,600
-118.047,118.593,600
-116.047,118.621,600
-114.047,118.65,600
-112.047,118.679,600
-110.047,118.707,600
-108.048,118.736,600
-106.048,118.765,600
-104.048,118.793,600
-102.048,118.822,600
-100.048,118.851,600
-98.049,118.88,600
-96.049,118.908,600
-94.049,118.937,600
-92.049,118.966,600
-90.049,118.994,600
-88.05,119.023,600
-86.05,119.052,600
-84.05,119.081,600
-82.05,119.109,600
-80.05,119.138,600
-78.051,119.167,600
-76.051,119.195,600
-74.051,119.224,600
-73.677,120.151,600,0
-74.717,121.859,600
-75.756,123.568,600
-76.796,125.276,600
-77.836,126.985,600
-78.876,128.693,600
-79.916,130.401,600
-80.956,132.11,600
-81.996,133.818,600
-83.036,135.527,600
-84.076,137.235,600
-85.115,138.943,600
-86.155,140.652,600
-87.195,142.36,600
-88.235,144.068,600
-89.275,145.777,600
-88.606,145.015,600,0
-87.203,143.591,600
-85.655,142.326,600
-84.005,141.197,600
-82.281,140.183,600
-80.502,139.271,600
-78.682,138.441,600
-76.83,137.686,600
-74.954,136.995,600
-73.057,136.36,600
-71.145,135.776,600
-69.218,135.238,600
-67.281,134.742,600
-65.334,134.285,600
-63.379,133.862,600
-61.417,133.473,600
-59.45,133.114,600
-57.477,132.786,600
-55.5,132.485,600
-53.519,132.211,600
-51.534,131.963,600
-49.546,131.741,600
-47.556,131.544,600
-45.563,131.373,600
-43.569,131.227,600
-41.572,131.107,600
-39.575,131.014,600
-37.576,130.95,600
-35.576,130.916,600
-33.576,130.916,600
-31.577,130.956,600
-29.578,131.043,600
-27.584,131.192,600
-25.599,131.43,600
-23.639,131.826,600
-21.91,132.744,600
-21.931,133.305,600,0
-21.931,133.305,0,0
#PATH.JERRYIO-DATA {"appVersion":"0.10.0","format":"path.jerryio v0.1","gc":{"robotWidth":11,"robotHeight":13,"robotIsHolonomic":false,"showRobot":true,"uol":2.54,"pointDensity":0.7874015748031495,"controlMagnetDistance":5,"fieldImage":{"displayName":"V5RC 2026 - Push Back","signature":"V5RC-PushBack-H2H-TopDownHighlighted-TileColor66_71","origin":{"__type":"built-in"}},"coordinateSystem":"VEX Gaming Positioning System"},"paths":[{"segments":[{"controls":[{"uid":"a679L3ySGd","x":-46.47940486048408,"y":8.021968346681675,"lock":false,"visible":true,"heading":0,"__type":"end-point"},{"uid":"V5jaSe11Ls","x":-32.17214681103067,"y":8.329651315487126,"lock":false,"visible":true,"__type":"control"},{"uid":"hSykOqvDKo","x":-17.864888761577262,"y":5.560504596238083,"lock":false,"visible":true,"__type":"control"},{"uid":"PUhsjnDV1K","x":-21.403242902839935,"y":21.867701942926907,"lock":false,"visible":true,"heading":0,"__type":"end-point"}],"speedProfiles":[],"lookaheadKeyframes":[],"uid":"4xrEuXUSsg"},{"controls":[{"uid":"PUhsjnDV1K","x":-21.403242902839935,"y":21.867701942926907,"lock":false,"visible":true,"heading":0,"__type":"end-point"},{"uid":"6liazToQiK","x":-25.864645950518955,"y":35.4057525703667,"lock":false,"visible":true,"__type":"control"},{"uid":"jylE6fyRfw","x":-34.63361056147427,"y":44.79008311893291,"lock":false,"visible":true,"__type":"control"},{"uid":"NdtmBNRk4m","x":-60.940504394340216,"y":46.48233944736288,"lock":false,"visible":true,"heading":0,"__type":"end-point"}],"speedProfiles":[],"lookaheadKeyframes":[],"uid":"318EGAAXWe"},{"controls":[{"uid":"NdtmBNRk4m","x":-60.940504394340216,"y":46.48233944736288,"lock":false,"visible":true,"heading":0,"__type":"end-point"},{"uid":"BZoQvkSrdD","x":-28.787634154170732,"y":46.94386390057105,"lock":false,"visible":true,"heading":0,"__type":"end-point"}],"speedProfiles":[],"lookaheadKeyframes":[],"uid":"iYTB0gAI6C"},{"controls":[{"uid":"BZoQvkSrdD","x":-28.787634154170732,"y":46.94386390057105,"lock":false,"visible":true,"heading":0,"__type":"end-point"},{"uid":"zUzkCPizEf","x":-35.24897649908517,"y":57.55892632435907,"lock":false,"visible":true,"heading":0,"__type":"end-point"}],"speedProfiles":[],"lookaheadKeyframes":[],"uid":"PS0fZeeALk"},{"controls":[{"uid":"zUzkCPizEf","x":-35.24897649908517,"y":57.55892632435907,"lock":false,"visible":true,"heading":0,"__type":"end-point"},{"uid":"sASZjOn5v2","x":-30.787573451406153,"y":51.09758397944463,"lock":false,"visible":true,"__type":"control"},{"uid":"x2an2usbPO","x":-7.557509306594703,"y":50.636059526236444,"lock":false,"visible":true,"__type":"control"},{"uid":"vWo3UXDKYm","x":-8.634399697413777,"y":52.48215733906915,"lock":false,"visible":true,"heading":0,"__type":"end-point"}],"speedProfiles":[],"lookaheadKeyframes":[],"uid":"jZEy4RP4Ek"}],"pc":{"speedLimit":{"minLimit":{"value":0,"label":"0"},"maxLimit":{"value":600,"label":"600"},"step":1,"from":101,"to":600},"bentRateApplicableRange":{"minLimit":{"value":0,"label":"0"},"maxLimit":{"value":1,"label":"1"},"step":0.001,"from":0,"to":0.1}},"name":"Path","uid":"Zgj4LM0pwW","lock":false,"visible":true}]}